0.70333331823349
1.380000114440918
1.153333306312561
1.0099999904632568
0.6133333444595337
1.3033332824707031
1.1733332872390747
0.9633333086967468
0.6033333539962769
1.0779999494552612
0.8579999804496765
0.7300000190734863
0.5266666412353516
0.7828572392463684
0.6242856979370117
0.6085714101791382
0.8199999928474426
0.7599999904632568
0.5166666507720947
0.6188889145851135
0.542222261428833
1.6799999475479126
1.2100000381469727
0.9800000190734863
0.8399999737739563
0.8999999761581421
1.2999999523162842
1.0499999523162842
0.9900000095367432
0.8700000047683716
2.7899999618530273
1.2000000476837158
0.7699999809265137
2.680000066757202
2.5799999237060547
2.0999999046325684
1.3300000429153442
1.1699999570846558
1.2933334112167358
1.0800000429153442
3.8399999141693115
2.069999933242798
1.149999976158142
0.8999999761581421
1.850000023841858
1.350000023841858
0.8799999952316284
1.4199999570846558
1.2799999713897705
0.9220000505447388
163.8300018310547
38.54999923706055
114.98999786376953
91.56999969482422
21.15999984741211
0.800000011920929
3.0
366.625
4.5
4.5
4.5
4.920000076293945
4.920000076293945
4.920000076293945
1.2400000095367432
0.75
1.690000057220459
172.5800018310547
46.75
117.80000305175781
83.61000061035156
31.469999313354492
1.5199999809265137
382.3699951171875
573.7899780273438
201.64999389648438
195.1699981689453
284.3900146484375
194.61000061035156
179.83999633789062
121.61000061035156
1724.030029296875
1086.8699951171875
657.8790283203125
318.3999938964844
133.08999633789062
100.0
938.7470092773438
861.35302734375
812.39501953125
513.0750122070312
289.8970031738281
68.93000030517578
1341.1199951171875
855.3629760742188
546.8880004882812
530.8319702148438
431.0320129394531
129.6199951171875
115.55000305175781
271.21600341796875
308.3999938964844
308.3999938964844
85.69999694824219
48.040000915527344
100.0
12.0
5.0
427.0069885253906
102.4000015258789
97.19999694824219
39.900001525878906
321.6000061035156
321.6000061035156
124.69999694824219
124.69999694824219
50.29999923706055
288.0
47.0
91.0
54.0
39.0
91.0
32.0
91.0
17.0
10.0
85.0
81.0
78.0
10.0
88.0
24.0
10.0
137.8000030517578
137.8000030517578
55.70000076293945
9.0
4.920000076293945
172.60000610351562
170.0
125.5999984741211
125.5999984741211
62.599998474121094
182.8000030517578
182.8000030517578
59.0
4.920000076293945
69.0
11.0
20.0
12.0
6.0
4.5
33.0
4.5
70.0
5.0
5.0
4.5
77.0
77.0
73.69999694824219
73.69999694824219
31.5
146.5
146.5
133.10000610351562
122.69999694824219
114.69999694824219
112.0999984741211
103.5999984741211
103.5999984741211
46.099998474121094
72.0
30.600000381469727
95.69999694824219
95.69999694824219
55.79999923706055
73.0
30.0
104.69999694824219
104.69999694824219
53.5
168.6699981689453
73.0
9.0
19.0
14.0
10.0
6.0
7.0
80.0
13.0
