0.0
0.0
1014.0
899.0
849.0
720.0
718.0
605.0
62.68000411987305
58.39799880981445
49.428001403808594
36.27000045776367
22.840002059936523
58.03200149536133
73.44599914550781
37.608001708984375
21.761999130249023
22.84000015258789
41.4514274597168
52.461429595947266
27.78444480895996
26.862857818603516
15.544285774230957
16.314285278320312
32.2400016784668
40.8033332824707
20.893333435058594
12.09000015258789
12.695554733276367
1.809999942779541
1.559999942779541
1.5299999713897705
1.2300000190734863
1.4700000286102295
1.2699999809265137
1.149999976158142
1.0199999809265137
1.090000033378601
1.7400000095367432
1.5399999618530273
1.0700000524520874
0.9599999785423279
1.7300000190734863
1.5700000524520874
1.2699999809265137
2.0899999141693115
1.3600000143051147
1.100000023841858
1.3700000047683716
1.350000023841858
1.2799999713897705
1.0299999713897705
1.2999999523162842
1.2899999618530273
1.1433333158493042
1.0379999876022339
1.0
1.559999942779541
1.5499999523162842
1.4900000095367432
1.2599999904632568
1.1799999475479126
313.70001220703125
389.67999267578125
238.22999572753906
536.0
238.22999572753906
999.0
999.0
999.0
999.0
229.41000366210938
473.0
229.41000366210938
179.80999755859375
179.3300018310547
179.11000061035156
79.86000061035156
64.9000015258789
60.61111068725586
110.20000457763672
68.93999481201172
63.385711669921875
60.48888397216797
105.39999389648438
66.15999603271484
58.657142639160156
59.91111373901367
56.099998474121094
88.5
79.33999633789062
64.52857208251953
55.522220611572266
36.93333053588867
39.060001373291016
31.771427154541016
31.399999618530273
35.33333206176758
36.840003967285156
31.771427154541016
31.67999839782715
36.93333053588867
38.540000915527344
29.857141494750977
29.277774810791016
26.828571319580078
22.788888931274414
31.399999618530273
31.15999984741211
26.085712432861328
22.211111068725586
18.042856216430664
17.33333396911621
15.680000305175781
15.028571128845215
13.61111068725586
16.46666717529297
15.160000801086426
14.285713195800781
13.033332824707031
1.059999942779541
437.0
341.0
201.3000030517578
207.63999938964844
179.94000244140625
178.67999267578125
179.36000061035156
176.0
44.13333511352539
75.16666412353516
57.840003967285156
48.771427154541016
43.844444274902344
36.86666488647461
29.239999771118164
26.485713958740234
24.5222225189209
36.86666488647461
29.239999771118164
26.485713958740234
51.150001525878906
30.329999923706055
57.349998474121094
24.5222225189209
