0.0
0.0
1.0
0.0
-0.10000000149011612
-0.12999999523162842
-0.05999999865889549
-0.03999999910593033
-0.029999999329447746
-0.06000000238418579
-0.07799999415874481
-0.04200000315904617
-0.03999999910593033
-0.029999997466802597
-0.04285714402794838
-0.055714283138513565
-0.030000001192092896
-0.034285712987184525
-0.02571428380906582
-0.03333333507180214
-0.04333333298563957
-0.031111111864447594
-0.03555555269122124
-0.026666665449738503
-1.0
-1.0
-1.0
-1.0
-1.0
-1.0
-1.0
-1.0
-1.0
-1.0
-1.0
-1.0
-1.0
-1.0
-1.0
-1.0
-1.0
-1.0
-0.10000000149011612
-0.04333333298563957
-0.03999999910593033
-0.019999999552965164
-0.013333332724869251
-0.06000000238418579
-0.025999998673796654
-0.024000000208616257
-0.012000000104308128
-0.007999999448657036
-0.04285714402794838
-0.01857142709195614
-0.017142856493592262
-0.009999999776482582
-0.008571428246796131
-0.03333333507180214
-0.014444444328546524
-0.013333332724869251
-0.007777777966111898
-0.006666666362434626
-1.0
-1.0
-1.0
0.0
-999.989990234375
-999.989990234375
-999.989990234375
-999.989990234375
-1.0
-0.006666666362434626
0.0
0.0
0.0
0.0
-0.003999999724328518
0.0
0.0
0.0
0.0
-0.0028571428265422583
0.0
0.0
0.0
0.0
-0.002222222276031971
0.0
0.0
0.0
-1.0
-1.0
-1.0
-1.0
-1.0
-9999.0
-9999.0
-999.989990234375
-999.989990234375
-1.0
-1.0
-1.0
-1.0
-1.0
-1.0
-1.0
-1.0
-1.0
-1.0
-1.0
-1.0
-1.0
-0.003333333181217313
-0.003333333181217313
0.0
0.0
0.0
-1.0
-1.0
-1.0
-1.0
-0.001999999862164259
-0.001999999862164259
-1.0
-1.0
-1.0
-1.0
0.0
-1.0
-1.0
-1.0
-1.0
-1.0
-1.0
-1.0
-1.0
-1.0
-1.0
-1.0
-1.0
-1.0
-1.0
-1.0
-1.0
-999.989990234375
